10005096
10001745
10001547
10001956
10000181
10005912
10003038
10005171
10001507
10006373
10000081
10003579
10000303
10002310
10006344
10001349
10004271
10000311
10000214
10004966
10005097
10004587
10003882
10006089
10000299
10001072
10001671
10004852
10000373
10003028
10000402
10001151
10004635
10003245
10004473
10006136
10000389
10003325
10000126
10000700
10006310
10006016
10001954
10002278
10003849
10005200
10001587
10002545
10001441
10004098
10004948
10002685
10003449
10004768
10000233
10002337
10003062
10002596
10004405
10002678
10002753
10002405
10000313
10005999
10000097
10000913
10001002
10003464
10005832
10005328
10004486
10001782
10000919
10000333
10003500
10000395
10001857
10003855
10003089
10001777
10002833
10003651
10001537
10003601
10005124
10004241
10004604
10000533
10005238
10002624
10001979
10002647
10001264
10003448
10006316
10000779
10002179
10005826
10004462
10004525
10001543
10005244
10001391
10001090
10005502
10005125
10001473
10003847
10003216
10004207
10003171
10000450
10005873
10001980
10001992
10005303
10000799
10001952
10005994
10004630
10002376
10002226
10001651
10005351
10003891
10006387
10005485
10002840
10004909
10006183
10001200
10004528
10005434
10002028
10004448
10004297
10005793
10005993
10000238
10002034
10004186
10004910
10003761
10005848
10003135
10005630
10003199
10001263
10004219
10006123
10000521
10000905
10004609
10000171
10006324
10001377
10001402
10004849
10006245
10002790
10004226
10005171
10002536
10002679
10002040
10006345
10005815
10000571
10002411
10000151
10003291
10004289
10001940
10003492
10001059
10000144
10005656
10005009
10004623
10004585
10002778
10002718
10003485
10000620
10002367
10000616
10003612
10001526
10002209
10003798
10003095
10005789
10006027
10000095
10002886
10006185
10004581
10001744
10006341
10002526
10003682
10004407
10000161
10006285
10005949
10005061
10001877
10001300
10000430
10001679
10005775
10004565
10003629
10003697
10005845
10001399
10005956
10002746
10004094
10003732
10006156
10005320
10000626
10004189
10005392
10002800
10000920
10004968
10000070
10001366
10004723
10000094
10001683
10001319
10005738
10004757
10004354
10000961
10006106
10003433
10005867
10004861
10004764
10000011
10004813
10002424
10006207
10001144
10004189
10005555
10000832
10004336
10000178
10005102
10002959
10002525
10004394
10000675
10000142
10001041
10005117
10006186
10002977
10005736
10002607
10002146
10003147
10001444
10003590
10001928
10004896
10000720
10002557
10004230
10004119
10000862
10003907
10001213
10003652
10001151
10001830
10003697
10002941
10001243
10002560
10000522
10004066
10000067
10001525
10004372
10000197
10001274
10004013
10000790
10000111
10005153
10005548
10003241
10004834
10002657
10004122
10003381
10005586
10001899
10006243
10000935
10005654
10004565
10003630
10005558
10004431
10005494
10002848
10005970
10005438
10003926
10005249
10001636
10003986
10005406
10004417
10001327
10006373
10002053
10004160
10003591
10000093
10006104
10000422
10000241
10003949
10003317
10000429
10000513
10001806
10001426
10001731
10005332
10001014
10004725
10002038
10004885
10002180
10005998
10002675
10005997
10004835
10001659
10003673
10006199
10001763
10002285
10000594
10002712
10000953
10000531
10001307
10005632
10003272
10005730
10005836
10004512
10003253
10004833
10001805
10005006
10001259
10005239
10005002
10000815
10004339
10002408
10000957
10005073
10006074
10005768
10003652
10000833
10001455
10003310
10003284
10003736
10001601
10003934
10001933
10003616
10001932
10001471
10003746
10000447
10005093
10003211
10001682
10005783
10002187
10003688
10000594
10003033
10001394
10003093
10001011
10000809
10005529
10001541
10001472
10002681
10005322
10003316
10000736
10000577
10004917
10005370
10003871
10005357
10001153
10004967
10005401
10000988
10001584
10002642
10004165
10002407
10005147
10004362
10006148
10003344
10006043
10001686
