51623687
53276004
54418895
54523074
52622303
54558695
52996120
53708988
54405152
53116802
53689584
54629465
54545891
54533444
54672053
52140570
54218662
14072080
54354847
54807855
54811245
53974476
22826518
53680487
53825002
54024296
53287253
54739973
54899878
52538438
53696730
54674404
53715603
53223179
54258849
54633449
50831055
53816301
54489278
53810132
53898343
52231833
51770940
53213028
54768382
53302034
53989558
54989334
52819115
54113479
53821873
53523646
52786176
54945344
53445132
47024904
52776283
55105555
55230647
54173307
52410603
54597390
53282131
53623890
55031295
54990192
55050438
54260101
54115178
54340630
50831055
55265641
53306679
55377402
12238937
54904046
54675879
53312891
55423795
54596221
46292908
51843851
53459400
55476741
55236365
53438810
54364350
55079922
54032089
55346657
51829147
55550251
55580241
53627766
48947280
55416584
55199672
55532058
55250374
12450045
54622232
55188998
24493747
53696730
55138204
52155018
55582979
55524411
12782675
54259215
53043171
52946515
53312891
55666970
53950325
55238778
54892304
28004042
51333066
55031295
54367931
54368209
53696730
53555729
55840156
52246463
55391725
53322321
54273843
54257980
55915730
55892382
54776825
54273699
54278424
36694119
55348148
52596688
52539111
55974124
56018847
53699867
54919425
55954206
55474924
54754098
49150556
56158701
48583844
48549443
55768371
55677909
54959196
53113720
55625329
56251595
49150556
54998629
56027551
56300049
56304197
53979551
54281257
56334523
55942110
54785278
54257509
55738768
54048590
52416240
24493747
56328657
54249206
53810236
39747712
55853489
56317021
56452344
55809627
56429695
53602256
53893087
51872829
56435059
56192961
56175451
56445705
56545631
54168555
55303306
55564054
53797352
48099130
56554755
55912807
54684528
56362175
56355020
56551926
54601307
56172528
53450197
56541621
56328953
55846496
55465289
53446615
24901973
56746039
53639201
55846496
56172614
55278101
56785407
56583158
56185102
52866912
55786824
53331904
56379816
54548298
54633622
51294800
56493711
53768513
56178140
53802288
56866242
56865792
53405411
56547271
53952978
56984019
49344290
27697841
56402226
46153440
56890953
55656330
56428084
56605770
55778565
54039945
57085102
55943668
56854955
55276035
53865006
53714777
54143865
56906917
55004826
57041702
56264646
53927970
53153585
54096021
49957234
53850587
50780335
54345242
54163498
53675992
54143865
54760143
10144676
53850587
57386339
56989440
55675853
49150556
53273365
52737089
53043171
56318804
56484061
54113684
56841952
54503449
56264646
54403108
57625753
55675853
54682413
54506946
55281107
54334984
55634707
53526009
57116540
56467963
56283950
57749587
53785591
57264247
21193461
57231003
56695204
56892699
56311772
57833933
57813275
53256518
57523046
53094206
55559542
57686720
56960973
57136298
53164356
52764418
56913603
55679743
55944310
53301099
56463136
56395405
55678135
56320231
55125355
53606851
57217405
55554661
55538855
58041478
54613492
54373653
51525510
55769456
57192998
55414611
58088597
53778254
57111851
58128529
56482257
56357275
54588753
54654592
58201688
55079306
58074235
58245894
57326776
53320943
24380791
55439953
58095511
53714579
55328359
52744146
55443587
57086226
58406028
58137364
57911509
58343188
56733522
56150132
58417489
58788778
55169740
26018809
57566430
55229127
55542329
54772423
58056856
58112809
57043013
52341024
58371052
55993180
12874393
55527318
59350871
58384959
58144092
58154837
57772718
44900282
59446081
57510631
55538855
58378705
59541130
58160621
55212305
58812994
48095998
53592040
57902023
56186968
56916999
54552097
55434487
55942326
56698453
54885155
15558001
56941537
60083502
58169292
59975591
58108558
55829551
60116509
56388396
59447795
60125354
60127237
53463639
20127064
60121203
54373653
56968999
54489652
56479168
59930521
60369624
56828376
52921362
52632220
60020428
57547817
60209921
54279815
59914501
